width=	 600 
height=	 600 
worksize=	 100000 
avg_time_diff=	 5.884000 
FPS=	 0.169952 
avg_time_diff_bounce=	 5.762000 
avg_time_diff_blend=	 0.122000 
avg_samps_per_second=	 17623558.000000 


