width=	 600 
height=	 600 
worksize=	 120000 
avg_time_diff=	 5.876000 
FPS=	 0.170184 
avg_time_diff_bounce=	 5.748000 
avg_time_diff_blend=	 0.128000 
avg_samps_per_second=	 17645306.000000 


