width=	 600 
height=	 600 
worksize=	 130000 
avg_time_diff=	 5.890000 
FPS=	 0.169779 
avg_time_diff_bounce=	 5.752000 
avg_time_diff_blend=	 0.138000 
avg_samps_per_second=	 17606032.000000 


