width=	 600 
height=	 600 
worksize=	 140000 
avg_time_diff=	 5.874000 
FPS=	 0.170242 
avg_time_diff_bounce=	 5.746000 
avg_time_diff_blend=	 0.128000 
avg_samps_per_second=	 17651774.000000 


