width=	 600 
height=	 600 
worksize=	 150000 
avg_time_diff=	 5.880000 
FPS=	 0.170068 
avg_time_diff_bounce=	 5.752000 
avg_time_diff_blend=	 0.128000 
avg_samps_per_second=	 17634656.000000 


