width=	 600 
height=	 600 
worksize=	 170000 
avg_time_diff=	 5.876000 
FPS=	 0.170184 
avg_time_diff_bounce=	 5.746000 
avg_time_diff_blend=	 0.130000 
avg_samps_per_second=	 17645940.000000 


