width=	 600 
height=	 600 
worksize=	 180000 
avg_time_diff=	 5.880000 
FPS=	 0.170068 
avg_time_diff_bounce=	 5.758000 
avg_time_diff_blend=	 0.122000 
avg_samps_per_second=	 17633382.000000 


