width=	 600 
height=	 600 
worksize=	 20000 
avg_time_diff=	 5.940000 
FPS=	 0.168350 
avg_time_diff_bounce=	 5.778000 
avg_time_diff_blend=	 0.162000 
avg_samps_per_second=	 17458232.000000 


