width=	 600 
height=	 600 
worksize=	 60000 
avg_time_diff=	 5.884000 
FPS=	 0.169952 
avg_time_diff_bounce=	 5.740000 
avg_time_diff_blend=	 0.144000 
avg_samps_per_second=	 17622724.000000 


