width=	 600 
height=	 600 
worksize=	 80000 
avg_time_diff=	 5.888000 
FPS=	 0.169837 
avg_time_diff_bounce=	 5.754000 
avg_time_diff_blend=	 0.134000 
avg_samps_per_second=	 17613206.000000 


