width=	 600 
height=	 600 
worksize=	 90000 
avg_time_diff=	 5.900000 
FPS=	 0.169492 
avg_time_diff_bounce=	 5.750000 
avg_time_diff_blend=	 0.150000 
avg_samps_per_second=	 17574756.000000 


