width=	 300 
height=	 300 
worksize=	 10000 
avg_time_diff=	 1.619000 
FPS=	 0.617665 
avg_time_diff_bounce=	 1.593000 
avg_time_diff_blend=	 0.026000 
avg_samps_per_second=	 13453746.000000 


