width=	 300 
height=	 300 
worksize=	 10000 
avg_time_diff=	 1.615000 
FPS=	 0.619195 
avg_time_diff_bounce=	 1.587000 
avg_time_diff_blend=	 0.028000 
avg_samps_per_second=	 13488738.000000 


