width=	 300 
height=	 300 
worksize=	 10000 
avg_time_diff=	 2.075000 
FPS=	 0.481928 
avg_time_diff_bounce=	 2.047000 
avg_time_diff_blend=	 0.028000 
avg_samps_per_second=	 10496508.000000 


