width=	 300 
height=	 300 
worksize=	 10000 
avg_time_diff=	 2.065000 
FPS=	 0.484262 
avg_time_diff_bounce=	 2.041000 
avg_time_diff_blend=	 0.024000 
avg_samps_per_second=	 10549170.000000 


