width=	 300 
height=	 300 
worksize=	 10000 
avg_time_diff=	 2.113000 
FPS=	 0.473261 
avg_time_diff_bounce=	 2.088000 
avg_time_diff_blend=	 0.025000 
avg_samps_per_second=	 10307845.000000 


