width=	 300 
height=	 300 
worksize=	 10000 
avg_time_diff=	 2.373000 
FPS=	 0.421407 
avg_time_diff_bounce=	 2.345000 
avg_time_diff_blend=	 0.028000 
avg_samps_per_second=	 9178687.000000 


