width=	 300 
height=	 300 
worksize=	 10000 
avg_time_diff=	 2.373000 
FPS=	 0.421408 
avg_time_diff_bounce=	 2.346000 
avg_time_diff_blend=	 0.027000 
avg_samps_per_second=	 9178474.000000 


