width=	 300 
height=	 300 
worksize=	 10000 
avg_time_diff=	 2.419000 
FPS=	 0.413394 
avg_time_diff_bounce=	 2.395000 
avg_time_diff_blend=	 0.024000 
avg_samps_per_second=	 9003905.000000 


