width=	 300 
height=	 300 
worksize=	 10000 
avg_time_diff=	 2.417000 
FPS=	 0.413736 
avg_time_diff_bounce=	 2.391000 
avg_time_diff_blend=	 0.026000 
avg_samps_per_second=	 9011242.000000 


