width=	 300 
height=	 300 
worksize=	 10000 
avg_time_diff=	 2.497000 
FPS=	 0.400481 
avg_time_diff_bounce=	 2.470000 
avg_time_diff_blend=	 0.027000 
avg_samps_per_second=	 8722621.000000 


