width=	 300 
height=	 300 
worksize=	 10000 
avg_time_diff=	 2.184000 
FPS=	 0.457875 
avg_time_diff_bounce=	 2.160000 
avg_time_diff_blend=	 0.024000 
avg_samps_per_second=	 9972682.000000 


