width=	 300 
height=	 300 
worksize=	 10000 
avg_time_diff=	 2.185000 
FPS=	 0.457666 
avg_time_diff_bounce=	 2.155000 
avg_time_diff_blend=	 0.030000 
avg_samps_per_second=	 9968340.000000 


