width=	 300 
height=	 300 
worksize=	 10000 
avg_time_diff=	 2.255000 
FPS=	 0.443459 
avg_time_diff_bounce=	 2.233000 
avg_time_diff_blend=	 0.022000 
avg_samps_per_second=	 9658663.000000 


