width=	 300 
height=	 300 
worksize=	 10000 
avg_time_diff=	 2.254000 
FPS=	 0.443656 
avg_time_diff_bounce=	 2.231000 
avg_time_diff_blend=	 0.023000 
avg_samps_per_second=	 9662883.000000 


