width=	 300 
height=	 300 
worksize=	 10000 
avg_time_diff=	 2.291000 
FPS=	 0.436491 
avg_time_diff_bounce=	 2.270000 
avg_time_diff_blend=	 0.021000 
avg_samps_per_second=	 9506928.000000 


