width=	 300 
height=	 300 
worksize=	 10000 
avg_time_diff=	 2.807000 
FPS=	 0.356252 
avg_time_diff_bounce=	 2.782000 
avg_time_diff_blend=	 0.025000 
avg_samps_per_second=	 7759385.000000 


