width=	 300 
height=	 300 
worksize=	 10000 
avg_time_diff=	 2.810000 
FPS=	 0.355872 
avg_time_diff_bounce=	 2.784000 
avg_time_diff_blend=	 0.026000 
avg_samps_per_second=	 7750941.000000 


