width=	 300 
height=	 300 
worksize=	 10000 
avg_time_diff=	 2.844000 
FPS=	 0.351617 
avg_time_diff_bounce=	 2.821000 
avg_time_diff_blend=	 0.023000 
avg_samps_per_second=	 7658256.000000 


