width=	 300 
height=	 300 
worksize=	 10000 
avg_time_diff=	 2.939000 
FPS=	 0.340252 
avg_time_diff_bounce=	 2.918000 
avg_time_diff_blend=	 0.021000 
avg_samps_per_second=	 7410793.500000 


