width=	 300 
height=	 300 
worksize=	 10000 
avg_time_diff=	 2.973000 
FPS=	 0.336361 
avg_time_diff_bounce=	 2.949000 
avg_time_diff_blend=	 0.024000 
avg_samps_per_second=	 7325971.000000 


