width=	 300 
height=	 300 
worksize=	 10000 
avg_time_diff=	 2.970000 
FPS=	 0.336700 
avg_time_diff_bounce=	 2.947000 
avg_time_diff_blend=	 0.023000 
avg_samps_per_second=	 7333388.000000 


