width=	 300 
height=	 300 
worksize=	 10000 
avg_time_diff=	 3.222000 
FPS=	 0.310366 
avg_time_diff_bounce=	 3.193000 
avg_time_diff_blend=	 0.029000 
avg_samps_per_second=	 6759911.500000 


