width=	 300 
height=	 300 
worksize=	 10000 
avg_time_diff=	 3.287000 
FPS=	 0.304229 
avg_time_diff_bounce=	 3.263000 
avg_time_diff_blend=	 0.024000 
avg_samps_per_second=	 6626167.500000 


