width=	 300 
height=	 300 
worksize=	 10000 
avg_time_diff=	 3.288000 
FPS=	 0.304136 
avg_time_diff_bounce=	 3.266000 
avg_time_diff_blend=	 0.022000 
avg_samps_per_second=	 6624147.000000 


