width=	 300 
height=	 300 
worksize=	 10000 
avg_time_diff=	 3.397000 
FPS=	 0.294377 
avg_time_diff_bounce=	 3.368000 
avg_time_diff_blend=	 0.029000 
avg_samps_per_second=	 6411684.000000 


