width=	 300 
height=	 300 
worksize=	 10000 
avg_time_diff=	 3.449000 
FPS=	 0.289939 
avg_time_diff_bounce=	 3.423000 
avg_time_diff_blend=	 0.026000 
avg_samps_per_second=	 6314890.500000 


