width=	 300 
height=	 300 
worksize=	 10000 
avg_time_diff=	 3.450000 
FPS=	 0.289855 
avg_time_diff_bounce=	 3.425000 
avg_time_diff_blend=	 0.025000 
avg_samps_per_second=	 6313093.500000 


