width=	 300 
height=	 300 
worksize=	 10000 
avg_time_diff=	 3.081000 
FPS=	 0.324570 
avg_time_diff_bounce=	 3.055000 
avg_time_diff_blend=	 0.026000 
avg_samps_per_second=	 7069222.500000 


