width=	 300 
height=	 300 
worksize=	 100000 
avg_time_diff=	 1.329000 
FPS=	 0.752445 
avg_time_diff_bounce=	 1.303000 
avg_time_diff_blend=	 0.026000 
avg_samps_per_second=	 16435033.000000 


