width=	 300 
height=	 300 
worksize=	 16000 
avg_time_diff=	 1.359000 
FPS=	 0.735835 
avg_time_diff_bounce=	 1.333000 
avg_time_diff_blend=	 0.026000 
avg_samps_per_second=	 16027314.000000 


