width=	 300 
height=	 300 
worksize=	 200 
avg_time_diff=	 3.452000 
FPS=	 0.289687 
avg_time_diff_bounce=	 3.429000 
avg_time_diff_blend=	 0.023000 
avg_samps_per_second=	 6309685.500000 


