width=	 300 
height=	 300 
worksize=	 400 
avg_time_diff=	 1.846000 
FPS=	 0.541712 
avg_time_diff_bounce=	 1.821000 
avg_time_diff_blend=	 0.025000 
avg_samps_per_second=	 11799303.000000 


