width=	 300 
height=	 300 
worksize=	 70000 
avg_time_diff=	 1.350000 
FPS=	 0.740741 
avg_time_diff_bounce=	 1.324000 
avg_time_diff_blend=	 0.026000 
avg_samps_per_second=	 16133939.000000 


