width=	 300 
height=	 300 
worksize=	 90000 
avg_time_diff=	 1.343000 
FPS=	 0.744602 
avg_time_diff_bounce=	 1.319000 
avg_time_diff_blend=	 0.024000 
avg_samps_per_second=	 16217712.000000 


