width=	 300 
height=	 300 
worksize=	 11000 
avg_time_diff=	 0.122000 
FPS=	 8.196721 
avg_time_diff_bounce=	 0.107000 
avg_time_diff_blend=	 0.015000 
avg_samps_per_second=	 179181824.000000 


