width=	 300 
height=	 300 
worksize=	 12000 
avg_time_diff=	 0.108000 
FPS=	 9.259259 
avg_time_diff_bounce=	 0.095000 
avg_time_diff_blend=	 0.013000 
avg_samps_per_second=	 203863632.000000 


