width=	 300 
height=	 300 
worksize=	 124000 
avg_time_diff=	 0.095000 
FPS=	 10.526315 
avg_time_diff_bounce=	 0.084000 
avg_time_diff_blend=	 0.011000 
avg_samps_per_second=	 231363632.000000 


