width=	 300 
height=	 300 
worksize=	 200 
avg_time_diff=	 2.507000 
FPS=	 0.398883 
avg_time_diff_bounce=	 2.495000 
avg_time_diff_blend=	 0.012000 
avg_samps_per_second=	 8688517.000000 


