width=	 300 
height=	 300 
worksize=	 250 
avg_time_diff=	 2.013000 
FPS=	 0.496771 
avg_time_diff_bounce=	 2.001000 
avg_time_diff_blend=	 0.012000 
avg_samps_per_second=	 10821627.000000 


