width=	 300 
height=	 300 
worksize=	 32000 
avg_time_diff=	 0.097000 
FPS=	 10.309278 
avg_time_diff_bounce=	 0.088000 
avg_time_diff_blend=	 0.009000 
avg_samps_per_second=	 225000000.000000 


