width=	 300 
height=	 300 
worksize=	 70000 
avg_time_diff=	 0.096000 
FPS=	 10.416665 
avg_time_diff_bounce=	 0.082000 
avg_time_diff_blend=	 0.014000 
avg_samps_per_second=	 229000000.000000 


