width=	 300 
height=	 300 
worksize=	 80000 
avg_time_diff=	 0.099000 
FPS=	 10.101009 
avg_time_diff_bounce=	 0.086000 
avg_time_diff_blend=	 0.013000 
avg_samps_per_second=	 221000000.000000 


