width=	 300 
height=	 300 
worksize=	 90000 
avg_time_diff=	 0.092000 
FPS=	 10.869564 
avg_time_diff_bounce=	 0.076000 
avg_time_diff_blend=	 0.016000 
avg_samps_per_second=	 237500000.000000 


