width=	 300 
height=	 300 
worksize=	 64000 
avg_time_diff=	 1.330000 
FPS=	 0.751880 
avg_time_diff_bounce=	 1.306000 
avg_time_diff_blend=	 0.024000 
avg_samps_per_second=	 16376235.000000 


