width=	 300 
height=	 300 
worksize=	 2000 
avg_time_diff=	 1.444000 
FPS=	 0.692521 
avg_time_diff_bounce=	 1.421000 
avg_time_diff_blend=	 0.023000 
avg_samps_per_second=	 15085970.000000 


