width=	 300 
height=	 300 
worksize=	 500 
avg_time_diff=	 1.534000 
FPS=	 0.651890 
avg_time_diff_bounce=	 1.511000 
avg_time_diff_blend=	 0.023000 
avg_samps_per_second=	 14199146.000000 


