width=	 300 
height=	 300 
worksize=	 9000 
avg_time_diff=	 1.365000 
FPS=	 0.732601 
avg_time_diff_bounce=	 1.342000 
avg_time_diff_blend=	 0.023000 
avg_samps_per_second=	 15956507.000000 


